0.000005 0.000019 0.000060 0.000144 0.000269 0.000391 0.000443 0.000391 0.000269 0.000144 0.000060 0.000019 0.000005 
0.000019 0.000077 0.000237 0.000569 0.001063 0.001546 0.001752 0.001546 0.001063 0.000569 0.000237 0.000077 0.000019 
0.000060 0.000237 0.000730 0.001752 0.003273 0.004762 0.005396 0.004762 0.003273 0.001752 0.000730 0.000237 0.000060 
0.000144 0.000569 0.001752 0.004202 0.007851 0.011423 0.012944 0.011423 0.007851 0.004202 0.001752 0.000569 0.000144 
0.000269 0.001063 0.003273 0.007851 0.014667 0.021341 0.024183 0.021341 0.014667 0.007851 0.003273 0.001063 0.000269 
0.000391 0.001546 0.004762 0.011423 0.021341 0.031051 0.035185 0.031051 0.021341 0.011423 0.004762 0.001546 0.000391 
0.000443 0.001752 0.005396 0.012944 0.024183 0.035185 0.039870 0.035185 0.024183 0.012944 0.005396 0.001752 0.000443 
0.000391 0.001546 0.004762 0.011423 0.021341 0.031051 0.035185 0.031051 0.021341 0.011423 0.004762 0.001546 0.000391 
0.000269 0.001063 0.003273 0.007851 0.014667 0.021341 0.024183 0.021341 0.014667 0.007851 0.003273 0.001063 0.000269 
0.000144 0.000569 0.001752 0.004202 0.007851 0.011423 0.012944 0.011423 0.007851 0.004202 0.001752 0.000569 0.000144 
0.000060 0.000237 0.000730 0.001752 0.003273 0.004762 0.005396 0.004762 0.003273 0.001752 0.000730 0.000237 0.000060 
0.000019 0.000077 0.000237 0.000569 0.001063 0.001546 0.001752 0.001546 0.001063 0.000569 0.000237 0.000077 0.000019 
0.000005 0.000019 0.000060 0.000144 0.000269 0.000391 0.000443 0.000391 0.000269 0.000144 0.000060 0.000019 0.000005 
