0.000000 0.000000 0.000000 0.000001 0.000004 0.000008 0.000010 0.000008 0.000004 0.000001 0.000000 0.000000 0.000000 
0.000000 0.000000 0.000003 0.000016 0.000057 0.000120 0.000154 0.000120 0.000057 0.000016 0.000003 0.000000 0.000000 
0.000000 0.000003 0.000027 0.000154 0.000536 0.001135 0.001458 0.001135 0.000536 0.000154 0.000027 0.000003 0.000000 
0.000001 0.000016 0.000154 0.000884 0.003086 0.006532 0.008387 0.006532 0.003086 0.000884 0.000154 0.000016 0.000001 
0.000004 0.000057 0.000536 0.003086 0.010770 0.022799 0.029275 0.022799 0.010770 0.003086 0.000536 0.000057 0.000004 
0.000008 0.000120 0.001135 0.006532 0.022799 0.048266 0.061975 0.048266 0.022799 0.006532 0.001135 0.000120 0.000008 
0.000010 0.000154 0.001458 0.008387 0.029275 0.061975 0.079578 0.061975 0.029275 0.008387 0.001458 0.000154 0.000010 
0.000008 0.000120 0.001135 0.006532 0.022799 0.048266 0.061975 0.048266 0.022799 0.006532 0.001135 0.000120 0.000008 
0.000004 0.000057 0.000536 0.003086 0.010770 0.022799 0.029275 0.022799 0.010770 0.003086 0.000536 0.000057 0.000004 
0.000001 0.000016 0.000154 0.000884 0.003086 0.006532 0.008387 0.006532 0.003086 0.000884 0.000154 0.000016 0.000001 
0.000000 0.000003 0.000027 0.000154 0.000536 0.001135 0.001458 0.001135 0.000536 0.000154 0.000027 0.000003 0.000000 
0.000000 0.000000 0.000003 0.000016 0.000057 0.000120 0.000154 0.000120 0.000057 0.000016 0.000003 0.000000 0.000000 
0.000000 0.000000 0.000000 0.000001 0.000004 0.000008 0.000010 0.000008 0.000004 0.000001 0.000000 0.000000 0.000000 
