-0.001114 0.000344 -0.000252 -0.000014 0.000447 -0.000187 0.000085 0.000188 -0.000094 0.000088 0.000066 0.000004 0.000061 0.000048 0.000019 -0.000008 -0.000036 -0.000017 -0.000004 
0.000344 -0.000283 -0.000016 0.000625 -0.000286 0.000149 0.000368 -0.000195 0.000214 0.000190 0.000021 0.000205 0.000193 0.000095 -0.000023 -0.000159 -0.000095 -0.000004 0.000009 
-0.000252 -0.000016 0.000705 -0.000353 0.000209 0.000571 -0.000333 0.000418 0.000408 0.000056 0.000571 0.000584 0.000313 -0.000073 -0.000679 -0.000391 -0.000004 0.000087 0.000028 
-0.000014 0.000625 -0.000353 0.000236 0.000708 -0.000462 0.000648 0.000704 0.000112 0.001216 0.001393 0.000868 -0.000211 -0.002161 -0.001460 -0.000004 0.000383 0.000151 0.000000 
0.000447 -0.000286 0.000209 0.000708 -0.000520 0.000803 0.000982 0.000176 0.002093 0.002702 0.001848 -0.000494 -0.005942 -0.004337 -0.000004 0.001451 0.000671 0.000014 -0.000027 
-0.000187 0.000149 0.000571 -0.000462 0.000803 0.001108 0.000219 0.002916 0.004176 0.003177 -0.000954 -0.012615 -0.010296 -0.000004 0.004329 0.002153 0.000065 -0.000103 -0.000057 
0.000085 0.000368 -0.000333 0.000648 0.000982 0.000219 0.003288 0.005170 0.004427 -0.001471 -0.021671 -0.019944 -0.000004 0.010287 0.005934 0.000202 -0.000321 -0.000202 -0.000069 
0.000188 -0.000195 0.000418 0.000711 0.000176 0.002916 0.005170 0.004991 -0.001820 -0.030179 -0.030803 -0.000004 0.019936 0.012606 0.000486 -0.000824 -0.000592 -0.000213 -0.000013 
-0.000094 0.000214 0.000408 0.000112 0.002113 0.004176 0.004427 -0.001820 -0.034025 -0.038129 -0.000004 0.030794 0.021663 0.000946 -0.001745 -0.001401 -0.000579 -0.000029 -0.000075 
0.000088 0.000190 0.000056 0.001216 0.002702 0.003208 -0.001471 -0.030179 -0.038129 -0.000004 0.038120 0.030171 0.001463 -0.002995 -0.002710 -0.001225 -0.000064 -0.000198 -0.000096 
0.000066 0.000021 0.000571 0.001393 0.001848 -0.000954 -0.021878 -0.030803 -0.000004 0.038120 0.034017 0.001812 -0.004169 -0.004184 -0.002101 -0.000121 -0.000416 -0.000222 0.000086 
0.000004 0.000205 0.000584 0.000868 -0.000494 -0.012615 -0.019944 -0.000004 0.030794 0.030171 0.001812 -0.004700 -0.005179 -0.002924 -0.000184 -0.000712 -0.000426 0.000187 -0.000196 
0.000061 0.000193 0.000313 -0.000211 -0.005942 -0.010296 -0.000004 0.019936 0.021869 0.001463 -0.004169 -0.005179 -0.003297 -0.000227 -0.000990 -0.000656 0.000325 -0.000377 -0.000093 
0.000048 0.000095 -0.000073 -0.002161 -0.004337 -0.000004 0.010287 0.012606 0.000946 -0.003023 -0.004184 -0.002924 -0.000227 -0.001116 -0.000811 0.000454 -0.000580 -0.000157 0.000178 
0.000019 -0.000023 -0.000679 -0.001460 -0.000004 0.004329 0.005934 0.000486 -0.001745 -0.002710 -0.002121 -0.000184 -0.000990 -0.000811 0.000512 -0.000717 -0.000217 0.000278 -0.000456 
-0.000008 -0.000159 -0.000391 -0.000004 0.001451 0.002153 0.000202 -0.000824 -0.001401 -0.001225 -0.000121 -0.000719 -0.000656 0.000454 -0.000717 -0.000300 0.000345 -0.000633 0.000005 
-0.000036 -0.000095 -0.000004 0.000383 0.000671 0.000065 -0.000321 -0.000592 -0.000579 -0.000064 -0.000416 -0.000426 0.000325 -0.000580 -0.000217 0.000345 -0.000713 0.000008 0.000243 
-0.000017 -0.000004 0.000087 0.000151 0.000014 -0.000103 -0.000202 -0.000213 -0.000029 -0.000198 -0.000222 0.000187 -0.000377 -0.000157 0.000278 -0.000633 0.000008 0.000275 -0.000352 
-0.000004 0.000009 0.000028 0.000000 -0.000027 -0.000057 -0.000069 -0.000013 -0.000075 -0.000096 0.000086 -0.000196 -0.000093 0.000178 -0.000456 0.000005 0.000243 -0.000352 0.001106 
