0.000010 0.000039 0.000121 0.000288 0.000535 0.000773 0.000874 0.000773 0.000535 0.000288 0.000121 0.000039 0.000010 
0.000039 0.000155 0.000473 0.001115 0.002030 0.002878 0.003225 0.002878 0.002030 0.001115 0.000473 0.000155 0.000039 
0.000121 0.000473 0.001420 0.003225 0.005522 0.007319 0.007948 0.007319 0.005522 0.003225 0.001420 0.000473 0.000121 
0.000288 0.001115 0.003225 0.006696 0.009617 0.009870 0.009195 0.009870 0.009617 0.006696 0.003225 0.001115 0.000288 
0.000535 0.002030 0.005522 0.009617 0.007866 -0.002943 -0.010277 -0.002943 0.007866 0.009617 0.005522 0.002030 0.000535 
0.000773 0.002878 0.007319 0.009870 -0.002943 -0.034741 -0.054063 -0.034741 -0.002943 0.009870 0.007319 0.002878 0.000773 
0.000874 0.003225 0.007948 0.009195 -0.010277 -0.054063 -0.080131 -0.054063 -0.010277 0.009195 0.007948 0.003225 0.000874 
0.000773 0.002878 0.007319 0.009870 -0.002943 -0.034741 -0.054063 -0.034741 -0.002943 0.009870 0.007319 0.002878 0.000773 
0.000535 0.002030 0.005522 0.009617 0.007866 -0.002943 -0.010277 -0.002943 0.007866 0.009617 0.005522 0.002030 0.000535 
0.000288 0.001115 0.003225 0.006696 0.009617 0.009870 0.009195 0.009870 0.009617 0.006696 0.003225 0.001115 0.000288 
0.000121 0.000473 0.001420 0.003225 0.005522 0.007319 0.007948 0.007319 0.005522 0.003225 0.001420 0.000473 0.000121 
0.000039 0.000155 0.000473 0.001115 0.002030 0.002878 0.003225 0.002878 0.002030 0.001115 0.000473 0.000155 0.000039 
0.000010 0.000039 0.000121 0.000288 0.000535 0.000773 0.000874 0.000773 0.000535 0.000288 0.000121 0.000039 0.000010 
