0.000095 0.000099 0.000114 0.000156 0.000143 0.000131 0.000109 0.000106 0.000105 0.000105 0.000105 0.000105 0.000105 0.000105 0.000105 0.000105 0.000105 0.000105 0.000105 
0.000099 0.000048 0.000066 0.000150 0.000322 0.000272 0.000204 0.000119 0.000107 0.000105 0.000105 0.000105 0.000105 0.000105 0.000105 0.000105 0.000105 0.000105 0.000105 
0.000114 0.000066 -0.000171 -0.000062 0.000303 0.000921 0.000638 0.000399 0.000145 0.000111 0.000105 0.000105 0.000105 0.000105 0.000105 0.000105 0.000105 0.000105 0.000105 
0.000156 0.000150 -0.000062 -0.001133 -0.000522 0.000740 0.002535 0.001572 0.000803 0.000190 0.000117 0.000106 0.000105 0.000105 0.000105 0.000105 0.000105 0.000105 0.000105 
0.000143 0.000322 0.000303 -0.000522 -0.003746 -0.001761 0.001853 0.005877 0.003221 0.001458 0.000253 0.000124 0.000106 0.000105 0.000105 0.000105 0.000105 0.000105 0.000105 
0.000131 0.000272 0.000921 0.000740 -0.001761 -0.010494 -0.004327 0.003818 0.011289 0.005510 0.002195 0.000309 0.000128 0.000107 0.000105 0.000105 0.000105 0.000105 0.000105 
0.000109 0.000204 0.000638 0.002535 0.001853 -0.004327 -0.022405 -0.008481 0.006545 0.017380 0.007561 0.002692 0.000335 0.000128 0.000106 0.000105 0.000105 0.000105 0.000105 
0.000106 0.000119 0.000399 0.001677 0.005877 0.003818 -0.008481 -0.038940 -0.013157 0.008989 0.021489 0.008511 0.002692 0.000309 0.000124 0.000106 0.000105 0.000105 0.000105 
0.000105 0.000107 0.000145 0.000803 0.003444 0.011289 0.006545 -0.013157 -0.053758 -0.016311 0.010121 0.021489 0.007561 0.002195 0.000252 0.000117 0.000105 0.000105 0.000105 
0.000105 0.000105 0.000111 0.000190 0.001458 0.005896 0.017380 0.008989 -0.016311 -0.060623 -0.016311 0.008989 0.017380 0.005458 0.001458 0.000190 0.000111 0.000105 0.000105 
0.000105 0.000105 0.000105 0.000117 0.000253 0.002195 0.008095 0.021489 0.010121 -0.016311 -0.053758 -0.013157 0.006484 0.011289 0.003221 0.000803 0.000145 0.000107 0.000105 
0.000105 0.000105 0.000105 0.000106 0.000124 0.000309 0.002692 0.009113 0.021489 0.008989 -0.013157 -0.038571 -0.008481 0.003818 0.005877 0.001572 0.000399 0.000119 0.000106 
0.000105 0.000105 0.000105 0.000105 0.000106 0.000128 0.000335 0.002692 0.008095 0.017380 0.006484 -0.008481 -0.022405 -0.004327 0.001853 0.002535 0.000638 0.000204 0.000109 
0.000105 0.000105 0.000105 0.000105 0.000105 0.000107 0.000128 0.000309 0.002195 0.005842 0.011289 0.003818 -0.004327 -0.010494 -0.001761 0.000740 0.000921 0.000272 0.000131 
0.000105 0.000105 0.000105 0.000105 0.000105 0.000105 0.000106 0.000124 0.000252 0.001458 0.003444 0.005877 0.001853 -0.001761 -0.003746 -0.000522 0.000303 0.000322 0.000143 
0.000105 0.000105 0.000105 0.000105 0.000105 0.000105 0.000105 0.000106 0.000117 0.000190 0.000803 0.001677 0.002535 0.000740 -0.000522 -0.001100 -0.000062 0.000150 0.000156 
0.000105 0.000105 0.000105 0.000105 0.000105 0.000105 0.000105 0.000105 0.000105 0.000111 0.000145 0.000399 0.000638 0.000921 0.000303 -0.000062 -0.000171 0.000066 0.000114 
0.000105 0.000105 0.000105 0.000105 0.000105 0.000105 0.000105 0.000105 0.000105 0.000105 0.000107 0.000119 0.000204 0.000272 0.000322 0.000150 0.000066 0.000048 0.000099 
0.000105 0.000105 0.000105 0.000105 0.000105 0.000105 0.000105 0.000105 0.000105 0.000105 0.000105 0.000106 0.000109 0.000131 0.000143 0.000156 0.000114 0.000099 0.000095 
